/*--------------------------------*- C++ -*----------------------------------*\
  =========                 |
  \\      /  F ield         | OpenFOAM: The Open Source CFD Toolbox
   \\    /   O peration     | Website:  https://openfoam.org
    \\  /    A nd           | Version:  13
     \\/     M anipulation  |
\*---------------------------------------------------------------------------*/
FoamFile
{
    format      ascii;
    class       volScalarField;
    location    "0";
    object      thickness;
}
// * * * * * * * * * * * * * * * * * * * * * * * * * * * * * * * * * * * * * //

dimensions      [];

internalField   uniform 0;

boundaryField
{
    inlet
    {
        type            fixedValue;
        value           uniform 0;
    }
    outlet
    {
        type            fixedValue;
        value           uniform 0;
    }
    front
    {
        type            fixedValue;
        value           nonuniform List<scalar> 0();
    }
    back
    {
        type            fixedValue;
        value           nonuniform List<scalar> 0();
    }
    top
    {
        type            fixedValue;
        value           uniform 0;
    }
    bottom
    {
        type            fixedValue;
        value           nonuniform List<scalar> 0();
    }
    walls
    {
        type            fixedValue;
        value           nonuniform List<scalar> 
5247
(
0
0
0
0
0
0
0
0
0
0
0
0
0
0
0
0
0
0
0
0
0
0
0
0
0
0
0
0
0
0
0
0
0
0
0
0
0
0
0
0
0
0
0
0
0
0
0
0
0
0
0
0
0
0
0
0
0
0
0
0
0
0
0
0
0
0
0
0
0
0
0
0
0
0
0
0
0
0
0
0
0
0
0
0
0
0
0
0
0
0
0
0
0
0
0
0
0
0
0
0
0
0
0
0
0
0
0
0
0
0
0
0
0
0
0
0
0
0
0
0
0
0
0
0
0
0
0
0
0
0
0
0
0
0
0
0
0
0
0
0
0
0
0
0
0
0
0
0
0
0
0
0
0
0
0
0
0
0
0
0
0
0
0
0
0
0
0
0
0
0
0
0
0
0
0
0
0
0
0
0
0
0
0
0
0
0
0
0
0
0
0
0
0
0
0
0
0
0
0
0
0
0
0
0
0
0
0
0
0
0
0
0
0
0
0
0
0
0
0
0
0
0
0
0
0
0
0
0
0
0
0
0
0
0
0
0
0
0
0
0
0
0
0
0
0
0
0
0
0
0
0
0
0
0
0
0
0
0
0
0
0
0
0
0
0
0
0
0
0
0
0
0
0
0
0
0
0
0
0
0
0
0
0
0
0
0
0
0
0
0
0
0
0
0
0
0
0
0
0
0
0
0
0
0
0
0
0
0
0
0
0
0
0
0
0
0
0
0
0
0
0
0
0
0
0
0
0
0
0
0
0
0
0
0
0
0
0
0
0
0
0
0
0
0
0
0
0
0
0
0
0
0
0
0
0
0
0
0
0
0
0
0
0
0
0
0
0
0
0
0
0
0
0
0
0
0
0
0
0
0
0
0
0
0
0
0
0
0
0
0
0
0
0
0
0
0
0
0
0
0
0
0
0
0
0
0
0
0
0
0
0
0
0
0
0
0
0
0
0
0
0
0
0
0
0
0
0
0
0
0
0
0
0
0
0
0
0
0
0
0
0
0
0
0
0
0
0
0
0
0
0
0
0
0
0
0
0
0
0
0
0
0
0
0
0
0
0
0
0
0
0
0
0
0
0
0
0
0
0
0
0
0
0
0
0
0
0
0
0
0
0
0
0
0
0
0
0
0
0
0
0
0
0
0
0
0
0
0
0
0
0
0
0
0
0
0
0
0
0
0
0
0
0
0
0
0
0
0
0
0
0
0
0
0
0
0
0
0
0
0
0
0
0
0
0
0
0
0
0
0
0
0
0
0
0
0
0
0
0
0
0
0
0
0
0
0
0
0
0
0
0
0
0
0
3.53063e-05
0.00011059
0.000184102
0.000182118
0.000184102
0.000183464
0.000182119
0.000178536
0.000178553
0.000183464
0.00026972
0.000307304
0.000248034
0.000272406
0.000269721
0.000319713
0.000312155
0.000327813
0.000310591
0.000272284
0.000307303
0.000248034
0.000272373
0.000300218
0.000309949
0.000327634
0.000310588
0.000272285
0.000405581
0.000413966
0.000397874
0.000405982
0.000405581
0.000420437
0.000420762
0.000423122
0.000420204
0.000417028
0.000413964
0.000397873
0.000405949
0.000414483
0.000418522
0.000422974
0.000420201
0.000417029
0.000438895
0.000439964
0.000437596
0.000438499
0.000438894
0.000440806
0.000440679
0.000440749
0.000440791
0.000440425
0.000439963
0.000437596
0.000438497
0.00044021
0.000440437
0.000440736
0.000440791
0.000440425
0.000430874
0.00043543
0.000431641
0.000429706
0.000430873
0.000436453
0.000433469
0.000430947
0.000436226
0.000435291
0.000435429
0.000431641
0.000429706
0.000436435
0.000433462
0.000430947
0.000436226
0.000435291
0.000354347
0.000381302
0.000361855
0.000354858
0.000354347
0.00038639
0.000366596
0.00035156
0.000384113
0.000376357
0.0003813
0.000361855
0.000354858
0.000386391
0.000366598
0.000351559
0.000384112
0.000376358
0.00021344
0.000235575
0.00022052
0.000210683
0.00021344
0.00023438
0.000225248
0.000242935
0.000218296
0.000235575
0.00022052
0.000216249
0.000210683
0.000216254
0.000234407
0.000225282
0.000242935
0.000218296
0.000120881
0.000120881
0.000114974
0.000114974
9.81446e-05
5.43151e-05
9.28946e-05
8.22769e-05
5.31539e-06
9.16464e-05
3.35506e-05
0.000103814
0.000129948
0.000129934
0.000124131
0.000127389
0.000124094
0.000124114
0.000124099
0.000127388
0.00012754
0.000129949
0.000130579
0.000129934
0.000129934
0.000130578
0.000129933
0.000127543
0.00012753
0.000124139
0.000124586
0.000124263
0.000127562
0.000130585
0.000130578
0.000127531
0.000124602
0.000129939
0.000129933
0.000183478
0.000220717
0.000236615
0.000236724
0.000183465
0.000220716
0.000178374
0.000220475
0.000181575
0.000220494
0.000218258
0.000239291
0.000178343
0.00022054
0.000178356
0.000220473
0.000218618
0.000218615
0.000218617
0.000218616
0.000178346
0.00022054
0.000182118
0.00022745
0.000239292
0.000183478
0.000220717
0.00022744
0.000183465
0.000220716
0.000236724
0.000238499
0.000239031
0.000248522
0.000248522
0.00023903
0.000236727
0.0002385
0.000236729
0.000183464
0.000220716
0.00018409
0.000227719
0.000220716
0.000239291
0.000241416
0.000233893
0.000178374
0.000220541
0.000218621
0.000218621
0.000223641
0.000223643
0.000178424
0.000220541
0.000182135
0.000227448
0.000227414
0.000184091
0.000227719
0.000182104
0.000233894
0.000241415
0.000183469
0.000220716
0.000230102
0.000231931
0.000238934
0.000248394
0.000248484
0.000239024
0.0002385
0.000236729
0.000220716
0.000272206
0.000257112
0.00027241
0.000371995
0.000356319
0.000248029
0.000339691
0.000339676
0.000356302
0.000371991
0.000269772
0.000370241
0.000272205
0.0003106
0.000383401
0.000381396
0.000327816
0.000382489
0.000388728
0.000312142
0.00038872
0.000382463
0.00031973
0.00038137
0.000383406
0.000272206
0.000293385
0.000371145
0.000374481
0.00027241
0.000356318
0.000375948
0.000368201
0.000248027
0.000339691
0.000265998
0.000352197
0.000352206
0.000368733
0.000293386
0.000371148
0.000312518
0.000368212
0.000375953
0.000267351
0.000368004
0.00029612
0.000371182
0.000371533
0.000327062
0.000378845
0.000387658
0.000312113
0.000388484
0.000382425
0.00031973
0.000381366
0.000383406
0.000374483
0.000434921
0.000406007
0.000433452
0.00042683
0.000413953
0.000430079
0.000433384
0.000434173
0.000420226
0.000436094
0.000436094
0.000423128
0.000436252
0.000437019
0.000420741
0.000437015
0.000436242
0.000420432
0.000436083
0.000436091
0.000416925
0.000415451
0.000434368
0.000434949
0.000406006
0.000433452
0.000430146
0.000415915
0.000434139
0.000431872
0.000397855
0.000426855
0.000428935
0.000428941
0.000433826
0.000415454
0.00043437
0.000411105
0.000415921
0.000431881
0.000434142
0.000433641
0.000415252
0.000433914
0.000434247
0.000422444
0.000435371
0.000436751
0.000420719
0.000436961
0.000436235
0.000420432
0.000436082
0.000436091
0.00043495
0.000440527
0.000438835
0.000440421
0.000438422
0.000438731
0.000439213
0.000440793
0.000440884
0.000440814
0.00044075
0.000440083
0.000439433
0.000440675
0.000439431
0.00044008
0.000440821
0.000440828
0.000440978
0.000440525
0.000440218
0.000440199
0.000440497
0.000440421
0.000439876
0.000439876
0.00043862
0.000437487
0.000438759
0.00043828
0.00043736
0.000437364
0.000438422
0.000439198
0.000440219
0.0004402
0.000438626
0.000439879
0.000439983
0.000440285
0.000440762
0.000440711
0.000440681
0.000440036
0.000439421
0.000440674
0.000439429
0.00044008
0.000440821
0.000440828
0.000440978
0.000440498
0.000418355
0.000419038
0.000406565
0.000433705
0.000414123
0.00043616
0.000421579
0.000420603
0.000430952
0.000412952
0.000405886
0.000433468
0.000405878
0.000412963
0.00043681
0.000420787
0.000422469
0.000418347
0.000434281
0.000415205
0.000417989
0.000419037
0.000433444
0.000430096
0.000413982
0.000405971
0.000405686
0.000426805
0.000426813
0.000397854
0.000397868
0.000404983
0.000404092
0.000406565
0.000434283
0.000415208
0.000430107
0.000405989
0.000413987
0.000436145
0.000421578
0.000420603
0.000430951
0.000412952
0.000405886
0.000433468
0.000405878
0.000412962
0.00043681
0.000420787
0.000422469
0.00041799
0.00027124
0.00037698
0.000258539
0.000379174
0.000317998
0.000317136
0.000354545
0.000275072
0.000267769
0.00028015
0.000258552
0.0002705
0.00037034
0.000383816
0.000325146
0.000320725
0.000351569
0.000277206
0.000258565
0.000366623
0.000258561
0.000277224
0.000387741
0.000320947
0.000326082
0.000273821
0.000370606
0.000292384
0.000273579
0.000356188
0.000306304
0.000271767
0.00033967
0.000247199
0.000247204
0.000258552
0.0002705
0.000370609
0.000292384
0.000271771
0.000306302
0.000383817
0.000325148
0.000320731
0.00035157
0.00027721
0.000258566
0.000366622
0.000258561
0.000277224
0.000387741
0.000320946
0.000326082
0.000273579
0.000218305
0.00014826
0.000225278
0.000225256
0.000234495
0.000218296
0.000148171
0.000128885
0.000216859
0.000136367
0.000128992
0.000128879
0.000216429
0.000216453
0.000128879
0.000216858
0.000136367
0.000216858
0.000136362
0.000218305
0.000148261
0.00016494
0.000218297
0.000148179
0.000242892
0.000225282
0.000225253
0.000225252
0.000234491
0.000218296
0.000148171
0.000223046
0.00016537
0.000148171
0.000229206
0.0002154
0.000136757
0.000128992
0.000216453
0.000209748
0.000209755
0.000129253
0.000128879
0.000216858
0.000136366
0.000164965
0.000223046
0.00016537
0.000215403
0.000136757
0.000129258
0.000218303
0.00014824
0.000242963
0.000225252
0.000234491
0.000148171
0.000114997
0.000114974
0.000114997
0.000114977
0.000114974
0.000120784
0.000120879
0.000120784
0.000114992
7.10391e-05
1.50712e-05
1.99426e-05
0.000100915
4.06446e-05
8.17442e-05
2.91021e-05
9.49052e-05
9.80014e-05
4.75382e-05
0.000131727
4.86668e-05
4.67514e-05
0.000128428
4.65899e-05
0.000128873
4.83812e-05
0.000133389
4.96092e-05
0.000131551
0.000133477
4.97097e-05
0.000133484
4.97126e-05
4.83829e-05
0.000133395
4.96115e-05
0.000131555
4.67525e-05
0.000128426
4.65892e-05
0.000128875
4.75317e-05
0.000131654
4.86305e-05
4.65364e-05
4.60999e-05
4.71116e-05
0.00012617
4.56644e-05
0.000128896
4.79471e-05
0.000132945
4.93514e-05
4.78385e-05
0.000132755
4.92614e-05
4.6594e-05
4.61388e-05
0.000127985
4.70392e-05
0.000126044
4.56113e-05
0.000128701
4.54666e-05
4.5232e-05
4.52259e-05
0.000124497
4.52257e-05
4.54656e-05
4.71101e-05
0.00012616
4.56604e-05
0.000128893
4.65358e-05
4.60997e-05
4.70398e-05
0.000126048
4.56129e-05
0.000128703
4.65942e-05
4.61388e-05
0.000127986
4.75383e-05
0.000131727
4.79471e-05
0.000132945
4.93515e-05
4.78385e-05
0.000132755
4.92614e-05
4.75317e-05
0.000131654
4.86305e-05
4.67518e-05
0.000128428
4.65901e-05
0.000128874
4.83817e-05
0.000133391
4.96098e-05
0.000131552
4.67524e-05
0.000128875
4.83829e-05
0.000133395
4.96115e-05
0.000131555
0.000133478
4.97103e-05
0.000133484
4.97125e-05
0.000133482
4.97119e-05
0.000133477
4.97097e-05
4.83823e-05
0.000133394
4.96109e-05
0.000131554
4.6752e-05
0.000128425
4.65889e-05
0.000128874
4.83813e-05
0.00013339
4.96093e-05
0.000131551
4.67513e-05
0.000128424
4.65886e-05
0.000128872
4.75317e-05
0.000131654
4.86307e-05
4.78394e-05
0.000132756
4.92619e-05
4.78388e-05
0.000132755
4.92622e-05
4.75316e-05
0.000131654
4.86309e-05
4.65977e-05
4.61405e-05
4.70455e-05
0.000126067
4.56234e-05
0.000128713
4.65839e-05
4.61358e-05
0.00012796
4.70439e-05
0.000126317
4.57471e-05
0.000128702
0.000124578
4.52734e-05
4.5546e-05
4.53362e-05
0.000124748
4.53497e-05
0.000124762
4.53553e-05
4.54863e-05
4.7109e-05
0.000126181
4.56993e-05
0.000128811
4.66343e-05
4.615e-05
4.78395e-05
0.000132755
4.92589e-05
4.78389e-05
0.000132756
4.92622e-05
4.70455e-05
0.000126327
4.57509e-05
0.000128705
4.65846e-05
4.6136e-05
4.75341e-05
0.000131656
4.863e-05
4.67552e-05
0.000128432
0.00012888
4.83851e-05
0.000133398
4.96132e-05
0.000131559
0.000133486
4.97138e-05
0.000133477
4.97096e-05
4.83812e-05
0.000133389
4.96092e-05
0.000131551
4.67513e-05
0.000128424
4.65885e-05
0.000128872
4.75316e-05
0.000131654
0.000107436
9.89925e-05
7.10296e-05
8.06007e-05
0.00011059
0.00011059
0.00011059
0.00011059
0.00011059
0.00011059
0.00011059
0.000107436
9.89925e-05
8.06004e-05
7.10295e-05
7.10296e-05
8.06007e-05
7.10296e-05
8.06007e-05
0.00011059
0.00011059
0.00011059
0.00011059
0.00011059
0.00011059
0.00011059
0.000107436
9.89927e-05
7.10296e-05
8.06006e-05
1.88914e-05
1.80598e-05
0.000125773
0.00011059
0.000112815
0.000113949
0.00011059
0.000113153
0.000125773
0.00011059
9.9418e-05
0.000120569
0.000115246
9.57275e-05
0.000123643
0.000125883
0.000120943
0.000113949
0.00011059
0.000113153
0.000109106
0.000120969
0.000115307
9.57275e-05
0.000123643
0.000125883
0.000120943
1.88893e-05
1.88916e-05
1.88894e-05
1.6335e-05
1.88934e-05
1.88913e-05
0.000120996
0.00011059
0.000109106
0.000120969
0.000103454
0.000123788
0.000130461
7.34372e-05
0.000115307
0.000110216
9.12857e-05
0.000110569
0.00011059
0.000115246
0.000110569
0.00011059
0.000110215
9.10766e-05
9.57275e-05
0.000123643
0.000125884
9.94182e-05
0.000120569
7.22909e-05
0.000120943
0.00011059
0.000112787
0.000113153
0.00011059
0.00011059
0.000125683
0.00011059
0.00011059
0.000113185
0.00011059
0.00011059
0.000113949
0.00011059
0.000113949
0.00011059
0.000113949
0.00011059
0.000113153
0.00011059
0.00011059
0.000112787
0.00011059
0.00011059
0.000120996
0.00011059
0.000125742
0.00011059
0.00011059
0.000120958
0.00011059
0.000109106
0.000120969
0.000103454
0.000123788
0.000130461
7.34372e-05
9.57275e-05
0.000123643
0.000125884
7.22908e-05
0.000115307
0.000110216
9.12857e-05
0.000110569
0.00011059
0.000110215
9.10764e-05
0.000110569
0.00011059
0.000115246
0.000110569
0.00011059
0.000110215
9.10766e-05
0.000115246
0.000110569
0.00011059
0.000110215
9.10766e-05
9.57275e-05
0.000123643
0.000125883
9.94182e-05
0.000120569
7.22909e-05
9.94182e-05
0.000120569
7.22909e-05
0.000120943
0.00011059
0.000125683
0.00011059
0.000125684
0.00011059
0.00011059
0.00011059
0.00011059
0.000113185
0.00011059
0.00011059
0.00011317
0.00011059
0.00011059
0.000113949
0.00011059
0.000113969
0.00011059
0.000113968
0.00011059
0.00011059
0.00011059
0.000125767
0.00011059
0.000125684
0.00011059
0.00011059
0.00011059
0.00011317
0.000112802
0.00011059
0.00011059
0.000120986
0.00011059
0.000103454
0.000123788
0.000130461
7.34375e-05
0.000110216
9.1286e-05
0.000110569
0.00011059
0.000115246
0.000110569
0.00011059
0.000110215
9.10763e-05
9.94182e-05
0.000120569
7.22907e-05
0.00011059
0.000109951
0.00010672
0.000109779
0.000110518
7.99076e-05
9.60354e-05
5.55121e-05
6.54256e-05
2.23627e-05
6.45904e-05
2.70946e-05
2.26995e-05
6.09772e-05
1.99963e-05
9.61637e-05
4.78368e-05
8.28471e-05
0.000102814
2.60665e-05
7.20812e-05
0.00011059
0.00011059
0.00011059
0.00011059
0.00011059
0.00011059
0.00011059
0.00011059
0.00011059
0.00011059
0.00011059
0.00011059
0.00011059
0.00011059
0.00011059
0.00011059
0.00011059
0.00011059
0.00011059
0.00011059
0.00011059
0.00011059
0.00011059
0.00011059
0.00011059
0.00011059
0.00011059
0.00011059
0.00011059
0.00011059
0.00011059
0.00011059
0.00011059
0.00011059
0.00011059
0.00011059
0.00011059
0.00011059
0.00011059
0.00011059
0.00011059
0.00011059
0.00011059
0.00011059
0.00011059
0.00011059
0.00011059
0.00011059
0.00011059
0.00011059
0.00011059
0.00011059
0.00011059
0.00011059
0.00011059
0.00011059
0.00011059
0.00011059
0.00011059
0.000109951
0.00010672
0.000109779
0.000110518
7.99076e-05
9.60354e-05
5.55121e-05
6.54256e-05
2.23627e-05
9.61634e-05
4.78362e-05
8.28459e-05
0.000102813
2.60651e-05
7.20774e-05
6.45905e-05
2.70945e-05
2.26996e-05
6.09773e-05
1.99963e-05
6.45904e-05
2.70946e-05
2.26996e-05
6.09772e-05
1.99963e-05
9.61637e-05
4.78368e-05
8.28471e-05
0.000102814
6.45904e-05
2.70946e-05
2.26995e-05
6.09772e-05
1.99963e-05
9.61637e-05
4.78368e-05
8.28471e-05
0.000102814
2.60665e-05
7.20812e-05
0.00011059
0.00011059
0.00011059
0.00011059
0.00011059
0.00011059
0.00011059
0.00011059
0.00011059
0.00011059
0.00011059
0.00011059
0.00011059
0.00011059
0.00011059
0.00011059
0.00011059
0.00011059
0.00011059
0.00011059
0.00011059
0.00011059
0.00011059
0.00011059
0.00011059
0.00011059
0.00011059
0.00011059
0.00011059
0.00011059
0.00011059
0.00011059
0.00011059
0.00011059
0.00011059
0.00011059
0.00011059
0.00011059
0.00011059
0.00011059
0.00011059
0.00011059
0.00011059
0.00011059
0.00011059
0.00011059
0.00011059
0.00011059
0.00011059
0.00011059
0.00011059
0.00011059
0.00011059
0.00011059
0.00011059
0.00011059
0.00011059
0.00011059
0.00011059
0.00011059
0.00011059
0.000109951
0.00010672
0.000109779
0.000110518
7.99079e-05
9.60354e-05
5.55122e-05
6.54259e-05
2.23628e-05
6.45904e-05
2.70946e-05
2.26995e-05
6.09771e-05
1.99962e-05
9.61637e-05
4.78368e-05
8.28471e-05
0.000102814
2.60665e-05
7.20812e-05
4.89248e-05
4.89248e-05
0.00011044
0.00011059
0.000103238
0.000110585
0.00011059
0.00011059
0.00011059
0.00011044
0.00011059
0.000103238
0.000110585
0.00011059
0.00011059
0.00011059
4.48236e-05
4.89227e-05
4.48075e-05
4.48164e-05
4.48102e-05
4.89227e-05
4.88964e-05
4.89227e-05
4.48325e-05
4.50456e-05
4.49172e-05
4.72443e-05
4.89227e-05
4.50522e-05
0.000110585
0.00011059
0.00011059
0.00011059
0.000110439
0.00011059
0.000103127
0.000110585
0.00011059
0.00011059
0.00011059
0.000110439
0.00011059
0.000103126
0.000110585
0.00011059
0.00011059
0.00011059
0.000110439
0.00011059
0.000103127
0.000110585
0.00011059
0.00011059
0.00011059
0.000110439
0.00011059
0.000103127
0.00011044
0.00011059
0.000103239
0.000110585
0.00011059
0.00011059
0.00011059
0.000110585
0.00011059
0.00011059
0.00011059
0.000110439
0.00011059
0.000103126
0.000108492
0.000109853
0.000106507
0.000110588
0.000110541
0.000110587
0.00011059
0.00011059
0.00011059
0.000110588
0.000110541
0.000110587
0.00011059
0.00011059
0.00011059
0.000108484
0.000109851
0.000106498
0.00011059
0.00011059
0.000110589
0.000110588
0.00011059
0.00011059
0.000110589
0.000110588
0.00011059
0.00011059
0.000110588
0.000110589
0.00011059
0.00011059
0.00011059
0.00011059
0.00011059
0.00011059
0.000110588
0.000110589
0.000108492
0.000109853
0.000106507
0.000110588
0.000110541
0.000110587
0.00011059
0.00011059
0.00011059
0.000108484
0.000109851
0.000106498
0.000110588
0.000110541
0.000110587
0.00011059
0.00011059
0.00011059
0.000110588
0.000110541
0.000110587
0.00011059
0.00011059
0.00011059
0.000108484
0.000109851
0.000106498
0.000110588
0.000110541
0.000110587
0.00011059
0.00011059
0.00011059
0.000108484
0.000109851
0.000106498
0.00011059
0.00011059
0.000110589
0.000110588
0.00011059
0.00011059
0.00011059
0.00011059
0.00011059
0.00011059
0.000110589
0.000110588
0.00011059
0.00011059
0.000110588
0.000110589
0.00011059
0.00011059
0.000110588
0.000110589
0.000108492
0.000109853
0.000106507
0.000110588
0.000110541
0.000110587
0.00011059
0.00011059
0.00011059
0.000110588
0.000110541
0.000110587
0.00011059
0.00011059
0.00011059
0.000108484
0.000109851
0.000106498
0.000171582
7.85118e-05
0.000174592
0.0001746
0.000128883
0.000171582
7.8489e-05
0.000150877
1.84074e-05
7.22467e-05
0.000119441
0.000150878
1.84073e-05
0.000209278
0.000209356
0.00018203
0.000206581
0.000178194
0.000206556
0.000209839
0.000180359
0.000182379
0.000207598
0.000210182
0.000182697
0.000183214
0.000208801
0.000184263
0.000209332
0.000209279
0.000209356
0.000178243
0.000206576
0.000209249
0.000209856
0.000180424
0.000182432
0.000207621
0.000209258
0.000210135
0.000182701
0.000183217
0.000208803
0.000184263
0.000209332
0.000209574
9.61123e-05
0.00011059
0.00011059
0.00011059
9.61123e-05
0.00011059
7.70586e-05
9.19225e-05
9.46702e-05
4.83135e-05
9.9314e-05
1.84088e-05
7.85133e-05
0.000128887
0.00015088
0.000171582
0.000150877
0.000128883
1.8407e-05
7.22414e-05
0.000174596
7.22415e-05
1.8409e-05
0.000174589
1.84068e-05
0.000128887
7.85133e-05
0.00015088
0.000150877
7.85118e-05
0.000171582
0.000171582
0.000150794
0.00012878
7.85118e-05
0.000128883
1.83697e-05
0.000172226
0.0001746
6.54136e-05
6.32886e-05
0.000174593
1.61678e-05
0.000140221
7.64353e-05
0.000128883
7.85119e-05
0.000184314
0.00020934
0.000210182
0.000182697
0.000183214
0.000208801
0.000184263
0.000209333
0.000209574
0.000206717
0.000208222
0.000207598
0.000206716
0.000206706
0.00020658
0.000206555
0.000206715
0.000208074
0.000208222
0.000209278
0.000209356
0.000184314
0.00020934
0.000184263
0.000209333
0.000210181
0.000182696
0.000183213
0.0002088
0.000210179
0.000183211
0.000208799
0.000184263
0.000209332
0.000209574
0.00020925
0.00020934
0.000209753
0.000182341
0.000206729
0.000206605
0.000178276
0.000206582
0.000178278
0.000206238
0.000206438
0.000206742
0.000209363
0.000209756
0.000182345
0.000209251
0.000181997
0.000184267
0.000209335
0.000209576
0.000210179
0.00018321
0.000208799
0.000188029
0.000161231
0.000183441
0.00013319
0.00018357
0.000134323
0.000183569
0.000183417
0.000133176
0.000137334
0.000189139
0.000187955
0.000161135
0.000193537
0.000182279
0.00018012
0.000186584
0.000183381
0.000142227
0.00017503
0.000183961
0.000185869
0.000185887
0.000143337
0.000182271
0.000180118
0.000186583
0.000176355
0.000139771
0.000186576
0.00018803
0.000161231
0.000193435
0.000187954
0.000161126
0.000198722
0.000165432
0.000183443
0.000183571
0.000134323
0.000134074
0.000148473
0.000190842
0.000183416
0.000133176
0.000183568
0.000183568
0.000183416
0.000133176
0.000183569
0.000134323
0.000148472
0.000190841
0.000183416
0.000133176
0.00019872
0.000189138
0.000165432
0.000187954
0.000161135
0.000187954
0.000161135
0.000183381
0.00017503
0.000181924
0.000187811
0.000181269
0.000129509
0.000175119
0.000140876
0.000183961
0.000185887
0.000143337
0.000181013
0.000143668
0.000181695
0.000143671
0.000181706
0.000186273
0.000175833
0.000182271
0.000176355
0.000128927
0.000139771
0.000186582
0.00018127
0.000175126
0.000140877
0.000181924
0.000187811
0.000141983
0.000175847
0.000188012
0.000161203
0.000193416
0.000198993
0.000166111
0.000148657
0.000190972
0.000183444
0.000133191
0.000183572
0.000148472
0.000190841
0.000183567
0.000134323
0.000183415
0.00019872
0.000137333
0.000189138
0.000165432
0.000187954
0.000161135
0.000193535
0.00011059
9.67376e-05
0.00011059
0.00011059
0.00011059
0.00011059
0.00011059
0.00011059
0.00011059
0.00011059
9.67376e-05
9.61122e-05
9.61123e-05
0.00011059
0.00011059
0.00011059
0.00011059
0.00011059
0.00011059
0.00011059
0.00011059
0.00011059
0.00011059
0.00011059
0.00011059
9.67378e-05
9.61122e-05
0.00011059
6.91008e-05
2.79066e-05
5.8597e-05
1.53873e-05
2.27787e-05
7.51593e-05
4.09229e-05
0.000110498
0.000106838
9.86847e-05
0.00011059
0.00011059
0.00011059
0.00011059
0.00011059
0.000110498
0.000106838
9.86806e-05
9.86847e-05
2.60665e-05
7.20812e-05
9.86847e-05
0.00011059
0.00011059
0.00011059
0.000110498
0.000106838
9.86847e-05
0.00011059
0.00011059
0.00011059
0.00011059
0.00011059
0.00011059
0.00011059
0.00011059
0.00011059
0.00011059
0.00011059
0.00011059
0.000105049
0.000107727
0.000108983
0.000110187
0.00011059
0.00011059
0.00011059
0.00011059
0.00011059
0.000110284
0.000110222
0.000110511
0.000110585
0.000110522
0.00011059
0.00011059
0.00011059
0.000110589
0.000110284
0.000110222
0.000110511
0.000110585
0.000103178
6.97771e-05
9.54851e-05
0.000109372
0.000104212
0.000110499
0.000110499
5.20038e-05
8.77558e-05
0.000103133
6.96258e-05
9.54409e-05
0.000109371
0.000104203
0.000105049
0.000107727
0.000108983
0.000110187
1.42866e-05
3.6273e-05
0.000110522
0.000110536
0.000110569
0.000110589
0.00011059
0.00011059
0.00011059
0.000110588
0.00011059
0.000110589
0.00011059
0.00011059
0.00011059
0.00011059
0.00011059
0.00011059
0.00011059
0.00011059
0.00011059
0.00011059
0.00011059
0.00011059
0.00011059
0.00011059
0.00011059
0.00011059
0.000110589
0.00011059
0.00011059
0.00011059
0.00011059
0.00011059
0.00011059
0.00011059
0.00011059
0.00011059
0.00011059
0.00011059
0.00011059
0.00011059
0.00011059
0.00011059
0.00011059
0.00011059
0.00011059
0.00011059
0.00011059
0.00011059
0.000110522
0.00011059
0.00011059
0.00011059
0.00011059
0.00011059
0.000110536
0.000110569
0.00011038
0.000110127
0.000110284
0.000110222
0.000110511
0.000110585
1.42865e-05
3.62729e-05
0.000103178
6.97771e-05
9.54851e-05
0.000109372
0.000104212
0.000110499
5.20037e-05
8.77558e-05
0.000103133
6.96256e-05
9.54408e-05
0.000109371
0.000104203
0.000110499
0.000110499
0.000103133
6.96258e-05
9.54409e-05
0.000109371
0.000104203
0.000110499
5.20038e-05
8.77558e-05
0.000103133
6.96258e-05
9.54409e-05
0.000109371
0.000104203
0.000105049
0.000107727
0.000108983
0.000110187
0.000105049
0.000107727
0.000108983
0.000110187
1.42866e-05
3.6273e-05
0.000110522
0.000110536
0.000110569
0.000110128
0.00011059
0.00011059
0.00011059
0.00011059
0.00011059
0.000110536
0.000110569
0.00011059
0.00011059
0.00011059
0.00011059
0.00011059
0.00011059
0.00011059
0.00011059
0.00011059
0.00011059
0.00011059
0.00011059
0.00011059
0.00011059
0.00011059
0.00011059
0.00011059
0.00011059
0.00011059
0.00011059
0.00011059
0.00011059
0.00011059
0.00011059
0.00011059
0.00011059
0.00011059
0.00011059
0.00011059
0.00011059
0.00011059
0.00011059
0.00011059
0.00011059
0.00011059
0.00011059
0.00011059
0.00011059
0.00011059
0.000103178
6.97774e-05
9.54852e-05
0.000109372
0.000104212
0.000110499
0.000110499
5.20037e-05
8.77558e-05
0.000103133
6.96256e-05
9.54408e-05
0.000109371
0.000104203
0.000105049
0.000107727
0.000108983
0.000110187
1.42865e-05
3.62728e-05
0.000110536
0.000110569
0.00011059
0.00011059
0.00011059
0.00011059
0.00010972
0.000110551
0.00011035
0.000107603
0.000108577
0.000109892
0.00011059
0.000110589
0.00011059
0.00011059
0.00011059
0.00011059
0.00010972
0.000110551
0.00011035
0.000107603
0.000108577
0.00011059
0.000110589
0.00011059
0.00011059
0.00011059
0.00011059
0.00011059
0.00011059
0.00011059
0.00011059
0.00011059
0.00011059
0.00011059
0.00011059
0.00011059
0.000110589
0.00011059
0.00011059
0.00011059
0.00011059
0.000109717
0.000110551
0.000110349
0.000107582
0.000109888
0.00011059
0.00011059
0.00011059
0.00011059
0.00011059
0.00011059
0.00011059
0.00011059
0.00011059
0.00011059
0.00011059
0.00011059
0.00011059
0.00011059
0.00011059
0.00011059
0.00011059
0.00011059
0.00011059
0.00011059
0.000110589
0.00011059
0.00011059
0.00011059
0.00011059
0.000109717
0.000110551
0.000110349
0.000107582
0.00011059
0.000110589
0.00011059
0.00011059
0.00011059
0.00011059
0.000109717
0.000110551
0.000110349
0.000107582
0.00011059
0.000110589
0.00011059
0.00011059
0.00011059
0.00011059
0.000109717
0.000110551
0.000110349
0.000107582
0.00011059
0.00011059
0.00011059
0.00011059
0.00011059
0.00011059
0.00011059
0.00011059
0.00011059
0.00010972
0.000110551
0.00011035
0.000107603
0.000108577
0.000109892
0.00011059
0.000110589
0.00011059
0.00011059
0.00011059
0.00011059
0.00011059
0.000110589
0.00011059
0.00011059
0.00011059
0.00011059
0.000109717
0.000110551
0.000110349
0.000107582
0.000108554
0.000181685
0.000197779
0.00020374
1.8217e-05
0.000194418
3.89281e-05
1.82182e-05
0.000185105
0.000209305
0.00020968
0.000185105
0.000209305
0.00020968
0.000206139
0.000204752
0.000207681
0.000206141
0.00020475
0.000209682
0.00020249
0.000202502
0.000218561
0.000209682
0.00011059
0.00011059
0.00011059
0.00011059
0.00011059
0.00011059
1.8083e-05
1.82176e-05
1.8217e-05
0.000198839
0.00019778
0.000203743
0.000203744
0.000197782
0.000181685
0.000181685
1.82176e-05
1.8217e-05
1.82176e-05
0.000203744
3.99404e-05
0.000203741
0.000178812
1.82178e-05
0.000218437
0.000220658
0.000218435
0.000220657
0.000217508
0.000217526
0.000217503
0.000217496
0.000217496
0.000217525
0.000217919
0.000218437
0.000218435
0.000218434
0.000220657
0.000185017
0.000210773
0.00020986
0.000218434
0.00021753
0.000217502
0.000217378
0.000217531
0.000185017
0.000210773
0.00020986
0.000218435
0.000218434
0.000218543
0.000209709
0.000204751
0.000206131
0.000218561
0.000209682
0.000207698
0.00020443
0.00020773
0.00020443
0.000209709
0.000194529
0.000166812
0.000196051
0.000218536
0.000209678
0.000204752
0.000206131
0.000204751
0.00020613
0.000204751
0.00020613
0.000218561
0.000209682
0.000198142
0.000166966
0.000197074
0.000207698
0.00020782
0.000194546
0.000166866
0.000196084
0.000198142
0.000166966
0.000197074
0.000218541
0.000209702
0.000206141
0.000204753
0.00020475
0.000206129
0.00011059
0.000110468
0.00011059
0.00011059
0.00011059
0.00011059
0.00011059
0.00011059
0.00011059
0.00011059
0.00011059
0.00011059
0.00011059
0.000110467
0.000110468
0.000110468
0.00011059
0.00011059
0.00011059
0.00011059
0.00011059
0.00011059
0.000110468
5.77422e-06
9.76235e-05
0.00011059
9.76235e-05
9.76234e-05
0.00011059
0.00011059
0.00011059
0.00011059
0.000110515
9.30049e-05
0.000106692
0.000106014
9.17553e-05
0.000105687
0.00011059
0.00011059
0.00011059
0.00011059
0.00011059
9.30049e-05
0.000106692
0.000106014
9.17552e-05
0.000105687
0.00011059
0.00011059
0.00011059
0.00011059
0.00011059
0.00011059
1.4313e-05
3.69095e-05
5.20516e-05
8.77847e-05
9.30049e-05
0.000106692
0.000106014
9.17553e-05
0.000105687
0.000110515
0.000109782
0.00011059
0.00011059
0.00011059
0.00011059
0.00011059
0.00011059
0.00011059
0.00011059
0.00011059
0.00011059
0.00011059
0.00011059
0.00011059
0.00011059
0.00011059
0.00011059
0.00011059
0.00011059
0.00011059
0.00011059
0.00011059
0.00011059
0.00011059
0.00010978
0.00011059
1.4313e-05
3.69095e-05
9.3005e-05
0.000106692
0.000106014
9.17553e-05
0.000105687
5.20516e-05
8.77847e-05
5.20038e-05
8.77558e-05
0.000110515
3.6273e-05
0.000110515
0.00011059
0.00011059
0.00011059
0.00011059
0.000109782
0.00011059
0.00011059
0.00011059
0.00011059
0.00011059
0.00011059
0.00011059
0.00011059
0.00011059
0.00011059
0.00011059
0.00011059
0.00011059
0.00011059
0.00011059
0.00011059
0.00011059
0.00011059
0.00011059
0.00011059
0.00011059
0.00011059
1.43131e-05
3.69097e-05
5.20518e-05
8.77848e-05
0.000110515
0.000110589
0.00011059
0.00011059
0.00011059
0.00011059
0.00011059
0.00011059
0.00011059
0.000110589
0.00011059
0.00011059
0.00011059
0.00011059
0.00011059
0.00011059
0.00011059
0.00011059
0.00011059
0.00011059
0.00011059
0.00011059
0.000110589
0.00011059
0.000110569
0.00011059
0.00011059
0.00011059
0.00011059
0.00011059
0.00011059
0.00011059
0.00011059
0.00011059
0.000110589
0.00011059
0.000110569
0.00011059
0.00011059
0.00011059
0.00011059
0.00011059
0.00011059
0.000110589
0.00011059
0.00011059
0.00011059
0.00011059
0.00011059
0.00011059
0.000110589
0.00011059
0.000110569
0.00011059
0.00011059
0.00011059
0.000110589
0.00011059
0.00011059
0.00011059
0.00011059
0.00011059
0.00011059
0.00011059
0.00011059
0.00011059
0.00011059
0.00011059
0.00011059
0.000110589
0.000106573
0.00011059
0.00011059
0.000106573
0.00011059
0.00011059
0.000106573
0.00011059
0.00011059
0.00011059
0.00011059
0.00011059
0.000106676
0.000106573
0.00011059
0.00011059
1.33469e-05
1.49281e-05
1.33469e-05
1.4928e-05
6.17818e-05
6.17825e-05
6.17818e-05
5.06793e-05
6.17784e-05
5.06826e-05
6.17818e-05
5.06799e-05
0.000208109
6.17784e-05
5.06825e-05
6.17785e-05
5.0682e-05
5.06794e-05
0.00020811
0.000198838
6.1781e-05
5.06834e-05
5.06793e-05
1.42866e-05
0.00011059
0.00011059
0.00011059
0.00011059
0.00011059
0.00011059
0.00011059
0.00011059
0.00011059
0.00011059
0.00011059
0.00011059
0.00011059
0.00011059
0.00011059
0.00011059
0.00011059
0.000212505
0.000185173
0.000210706
0.000212504
0.000185174
0.000210706
1.33485e-05
1.49303e-05
7.38262e-05
7.38246e-05
1.33485e-05
1.49303e-05
7.38264e-05
1.33469e-05
1.49281e-05
7.38245e-05
7.38242e-05
1.33485e-05
1.49303e-05
7.38262e-05
1.33473e-05
1.49281e-05
7.38251e-05
1.33487e-05
1.49303e-05
7.38262e-05
0.000212503
0.000185165
0.000210701
0.000210469
0.000210474
0.000212505
0.000185165
0.000210701
0.000210469
7.01994e-05
0.000137662
0.000193583
0.000128542
3.98847e-05
9.29726e-05
0.000223827
0.000186204
0.000293522
0.000342511
0.000347372
0.000327825
0.000251083
0.000185055
3.61149e-05
9.29874e-05
0.000231391
0.00020423
0.000348301
0.000410246
0.000428661
0.00043052
0.000422999
0.000387084
0.000290945
0.00020423
3.36222e-05
0.000223827
0.000171837
0.000186204
0.000348301
0.000420538
0.000436582
0.000433557
0.000432452
0.000435601
0.000432988
0.000393771
0.000285796
7.01994e-05
0.000293521
0.000410246
0.000436581
0.000415146
0.000363543
0.000355602
0.000386729
0.0004318
0.000430806
0.000366192
0.000219748
1.46653e-05
0.000137662
0.000342509
0.000428642
0.000433493
0.000363509
0.000221181
0.000221181
0.000221181
0.000221181
0.000221181
0.000221181
0.000221181
0.000221181
0.00026442
0.00041331
0.000437365
0.000400218
0.00025299
0.000198839
0.000192404
5.3464e-05
0.000193583
0.000347278
0.000429307
0.000429192
0.000353391
0.000221181
0.000221181
0.000221181
0.000221181
0.000221181
0.000221181
0.000221181
0.000221181
0.000260365
0.000409454
0.000437714
0.000404076
0.000256261
0.000208109
0.000155176
0.000128538
0.000325405
0.00039991
0.000381256
0.000345143
0.000258527
0.000259971
0.000320771
0.000422102
0.000435797
0.000389115
0.000244789
0.000181685
4.83213e-05
3.9879e-05
0.000241336
0.000196219
0.00024846
0.000109983
0.000166516
0.000346176
0.00040352
0.000421927
0.000436259
0.000418667
0.000332936
0.000184698
7.1288e-05
0.000299157
0.000424575
0.000435349
0.000418663
0.000351105
0.000230293
0.00019778
0.000129659
3.56809e-05
8.19383e-05
0.000325888
0.000397375
0.000388928
0.000332936
0.000230292
0.000197778
0.000175826
1.70977e-05
2.716e-05
0.000142262
0.000196216
0.000170831
0.000168468
0.000154121
0.000245041
0.000198854
0.000255683
0.000212781
0.000244777
0.000181685
0.000187488
0.000129658
1.70934e-05
1.46809e-05
5.34791e-05
0.000155178
4.83216e-05
0.000198165
0.000184093
0.000198164
0.000182104
0.000184101
0.000318756
0.000312114
0.000327816
0.0003106
0.000253616
0.000246106
0.000246102
0.000220474
0.000253609
0.0002924
0.000318755
0.000312124
0.000327813
0.000310591
0.000312519
0.000302923
0.000266001
0.000302925
0.000291503
0.000419501
0.000420712
0.000423128
0.000420226
0.000416934
0.000400934
0.000396302
0.00039381
0.000393797
0.000414982
0.000416931
0.000419513
0.000420728
0.000423123
0.000420208
0.000411092
0.000403721
0.000403731
0.000414058
0.000413557
0.000440705
0.000440673
0.00044075
0.000440795
0.000440424
0.000438039
0.000437238
0.000438035
0.000439967
0.000440326
0.000440707
0.000440677
0.000440749
0.000440791
0.000440422
0.000440029
0.000439012
0.000437839
0.000437843
0.000439017
0.000439879
0.000440031
0.000436445
0.000433458
0.000430953
0.000436235
0.000435421
0.000429493
0.000429489
0.000429569
0.000429633
0.000430909
0.000436451
0.000433468
0.000430947
0.000436227
0.000435416
0.000430907
0.000433696
0.000433448
0.000386379
0.000366573
0.000351575
0.000384138
0.000350925
0.000354535
0.000352607
0.000352606
0.00035435
0.00038639
0.000366597
0.00035156
0.000384123
0.000376971
0.000371924
0.000339685
0.000356205
0.000354351
0.000370341
0.000371927
0.000234409
0.00024294
0.000204432
0.000215993
0.000213429
0.000234409
0.000216016
0.000242936
0.000229735
0.000213437
0.000229734
0.00011059
0.00011059
9.05428e-05
0.000119087
3.75471e-05
9.19058e-05
0.000104291
0.00010689
8.44597e-05
1.66396e-05
0.000130829
1.46653e-05
4.83213e-05
5.34622e-05
0.000155176
0.000162491
0.000155175
5.3464e-05
0.00016249
4.83224e-05
1.46653e-05
0.000130579
0.00012754
1.70913e-05
3.36247e-05
0.000129664
3.9885e-05
0.000171837
0.000207212
0.00012854
0.000219748
0.000155941
0.000244789
0.000181685
0.000187487
0.000193583
0.000252989
0.000198837
0.000192402
0.000256261
0.000208109
0.00021278
0.000137665
0.000256261
0.000208109
0.00025299
0.000192404
7.01993e-05
0.000244789
0.000219748
0.000207212
0.000171833
0.000129658
3.3627e-05
1.70943e-05
1.70959e-05
3.61077e-05
3.6117e-05
0.000175823
0.000185059
0.000230292
0.000208746
0.00020374
0.000214705
0.000251083
0.000197163
0.000285796
0.000332936
0.000327825
0.000366192
0.000389115
0.000347372
0.000400218
0.000404076
0.000342511
0.000404076
0.000400218
0.000293522
0.000389115
0.000366192
0.000223826
0.000208745
0.000332936
0.000285796
9.29819e-05
0.000230293
0.000214707
0.000175823
3.61068e-05
1.70904e-05
3.36303e-05
0.000129665
0.000204233
0.000185059
0.000230293
0.000290945
0.000290945
0.000351105
0.000387084
0.000393771
0.000418667
0.000422999
0.000430806
0.000435797
0.00043052
0.000437365
0.000437714
0.000428661
0.000437714
0.000437365
0.000410246
0.000435797
0.000430806
0.000348301
0.000418667
0.000393771
0.000231391
0.000204232
0.000351105
0.000290945
9.29689e-05
0.000230292
0.000197777
0.000208744
0.000129657
0.000130829
3.9885e-05
0.000207212
0.000285796
0.000251083
0.000197163
0.000332936
0.000393771
0.000387084
0.000418667
0.000432988
0.000432988
0.00043626
0.000435601
0.0004318
0.000422101
0.000432452
0.00041331
0.000409454
0.000433557
0.000409454
0.00041331
0.000436582
0.000422101
0.0004318
0.000420538
0.00043626
0.000432988
0.000348301
0.000418667
0.000387084
0.000223826
0.000171833
0.000186201
0.000185054
0.000332936
0.000251083
0.000207212
3.98847e-05
1.46653e-05
4.83213e-05
0.000219748
0.000155941
0.00012854
0.000244788
0.000187487
0.000366192
0.000327825
0.000389115
0.000430806
0.000422998
0.000435794
0.0004318
0.000435595
0.000422097
0.00038673
0.000386728
0.000320781
0.000355602
0.00026442
0.000260365
0.000363543
0.000260365
0.00026442
0.000415146
0.000320781
0.000386729
0.000436582
0.000422101
0.000435601
0.000410246
0.000435797
0.000422999
0.000293522
0.000389115
0.000327825
7.01993e-05
0.000244789
0.000187489
0.000128542
4.83224e-05
5.34623e-05
0.000155176
0.000162491
0.000252989
0.000198837
0.000192402
0.000193583
0.000256259
0.000208109
0.000400212
0.00034736
0.00040402
0.000437321
0.000430342
0.000437337
0.00041325
0.000431923
0.000408939
0.000264413
0.000355271
0.000260283
0.000221181
0.000221181
0.000221181
0.000221181
0.000221181
0.000221181
0.000221181
0.000221181
0.000221181
0.000221181
0.000221181
0.000221181
0.000221181
0.000221181
0.000221181
0.000221181
0.000221181
0.000221181
0.000221181
0.000221181
0.000221181
0.000221181
0.000221181
0.000221181
0.000363543
0.000260365
0.000355602
0.000433557
0.000409454
0.000432452
0.000428661
0.000437714
0.00043052
0.000342511
0.000404076
0.000347372
0.000137665
0.000256261
0.00021278
0.000193583
0.000155175
0.00016249
0.000155175
5.34636e-05
0.000162489
0.00025625
0.000208109
0.00021278
0.000137663
0.000252924
0.000198838
0.000403659
0.000341933
0.000397917
0.000435329
0.000422544
0.000425984
0.000406235
0.000418356
0.000398167
0.000259768
0.000352572
0.000261251
0.000221181
0.000221181
0.000221181
0.000221181
0.000221181
0.000221181
0.000221181
0.000221181
0.000221181
0.000221181
0.000221181
0.000221181
0.000221181
0.000221181
0.000221181
0.000221181
0.000221181
0.000221181
0.000221181
0.000221181
0.000221181
0.000221181
0.000221181
0.000221181
0.000355602
0.00026442
0.000363543
0.000432452
0.00041331
0.000433557
0.00043052
0.000437365
0.000428661
0.000347372
0.000400218
0.000342511
0.000193583
0.000252989
0.000198837
0.000137662
5.34622e-05
0.000162491
4.83216e-05
1.46647e-05
0.000244516
0.000181649
0.000187482
7.01935e-05
0.000219557
0.000171544
0.000379911
0.000287174
0.000339628
0.000394345
0.00034481
0.000314617
0.00036761
0.000286447
0.000280724
0.000299225
0.000296364
0.000318386
0.000258594
0.000334329
0.00034618
0.000264356
0.000353318
0.00036313
0.000386729
0.000386674
0.00041514
0.000435601
0.000431799
0.000436582
0.000422999
0.000430806
0.000410246
0.000327825
0.000366192
0.000293522
0.00012854
0.000219748
0.000207212
0.000178874
7.01991e-05
1.46653e-05
0.00013058
0.000207112
0.000171673
0.00027874
0.000217508
0.000206054
0.0002143
0.000165465
0.000133183
3.59966e-05
0.000108904
0.000269385
3.93442e-05
0.000173603
0.000386656
0.000320052
0.000393179
0.000412137
0.000421841
0.000431346
0.000431781
0.00043525
0.00043654
0.000432988
0.000432984
0.000420538
0.000387084
0.000393771
0.000348301
0.000251083
0.000285796
0.000223826
0.000186201
0.000185056
3.98846e-05
0.000171834
0.000129476
3.33792e-05
0.000184392
0.000191748
9.21047e-05
8.70939e-05
0.000119956
3.07237e-05
0.000166398
0.000168161
0.000117693
0.000163445
0.000389583
0.000311153
0.000389278
0.000434587
0.00041937
0.000426354
0.000430752
0.000422639
0.000410206
0.000393771
0.000387081
0.000348301
0.000290945
0.000290945
0.000231391
0.000204232
0.000214706
0.000204234
9.29909e-05
3.3632e-05
1.69337e-05
0.000148142
2.94297e-05
6.87213e-05
0.000226303
0.000144206
0.000244968
0.000378363
0.000306206
0.000335371
0.000398911
0.000344429
0.000341981
0.000366174
0.000327757
0.000293516
0.000285796
0.000251083
0.000207212
0.000197162
0.000223826
0.000208745
0.000185055
9.29769e-05
3.61197e-05
3.61109e-05
1.46234e-05
0.000109353
0.000173491
3.97973e-05
0.00022558
7.01606e-05
0.000128556
0.000253794
0.000208116
0.000212783
0.000137704
0.000193587
0.000252892
0.000193585
0.000137663
0.000219747
0.000171582
0.00012854
7.01994e-05
0.000171833
3.98847e-05
3.36267e-05
4.83439e-05
0.000155178
0.00016249
5.34626e-05
0.000162491
1.46653e-05
0.000217919
0.000218792
0.00023846
0.000198164
0.00023903
0.000210469
0.000248522
0.000212502
0.000214404
0.000248522
0.000239031
0.000210474
0.000238499
0.000184093
0.00022744
0.000217846
0.000220484
0.000227449
0.000181574
0.000220494
0.000218256
0.000217846
0.000218792
0.000220658
0.000220657
0.000236612
0.000238459
0.000198164
0.00023903
0.00021047
0.000248522
0.000198165
0.000210474
0.000212505
0.000248522
0.000214404
0.00023903
0.000210472
0.000198164
0.000212502
0.000214404
0.0002385
0.000184094
0.00022744
0.00021844
0.000220657
0.00022745
0.000239255
0.000220658
0.000198165
0.000198164
0.000212502
0.000214404
0.000220657
0.000269773
0.000368005
0.0003529
0.000310366
0.000381992
0.000381054
0.000327809
0.000382414
0.000388714
0.000312155
0.000388728
0.00038249
0.000319713
0.000381397
0.000383402
0.000292401
0.000374301
0.000370245
0.000334105
0.000346311
0.00033889
0.000334092
0.000338868
0.000257109
0.0003463
0.000307305
0.000368012
0.000352901
0.000374299
0.000310375
0.000382004
0.000381076
0.000327812
0.000382434
0.00038872
0.000312145
0.000388721
0.00038247
0.000319714
0.000381375
0.000383389
0.000292399
0.000374292
0.000370239
0.000371993
0.000220475
0.000339671
0.000356245
0.000307033
0.000371595
0.000428264
0.000412867
0.000433239
0.000430475
0.000420003
0.000435715
0.000436008
0.000423118
0.000436232
0.000437015
0.000420762
0.000437019
0.000436252
0.000420438
0.000436095
0.000436096
0.000414989
0.000434211
0.000426067
0.000425006
0.000430146
0.000426855
0.000396279
0.000424997
0.000397858
0.000400922
0.000428256
0.000426052
0.000412874
0.000433243
0.000430474
0.000434906
0.000420022
0.000435722
0.000436018
0.000423124
0.00043624
0.000437017
0.000420746
0.000437016
0.000436244
0.000420424
0.000436085
0.000436089
0.000414984
0.000434916
0.000434209
0.00042683
0.000430068
0.00041371
0.000433298
0.00043985
0.000439944
0.000438984
0.000440771
0.000440864
0.000440808
0.000440749
0.000440078
0.000439431
0.000440679
0.000439433
0.000440085
0.000440824
0.000440831
0.000440983
0.000440204
0.000440329
0.000437246
0.000436892
0.000438379
0.000438112
0.000439876
0.000438759
0.000436888
0.000438009
0.000438006
0.000437487
0.00043828
0.000438105
0.000438375
0.000439582
0.000439851
0.000438984
0.000439945
0.000440042
0.000440775
0.000440866
0.000440811
0.00044075
0.000440082
0.000439433
0.000440676
0.000439431
0.000440081
0.000440821
0.000440828
0.000440981
0.000440203
0.000440328
0.000438835
0.000439563
0.000438728
0.000439974
0.000429641
0.000404072
0.000433688
0.000414114
0.00040656
0.000436152
0.000421568
0.000420589
0.000430946
0.000412932
0.000405875
0.000433479
0.000405889
0.000412983
0.00043683
0.000420807
0.000422523
0.000434808
0.000416623
0.000429579
0.000404769
0.000404386
0.000434539
0.000417324
0.000409675
0.000404381
0.000430042
0.000405686
0.000404983
0.000404058
0.000404753
0.000429703
0.000404092
0.000433692
0.000414121
0.000406559
0.00043616
0.000421579
0.000420603
0.000430952
0.000412952
0.000405886
0.000433469
0.000405878
0.000412963
0.000436824
0.000420792
0.000422511
0.000434805
0.000416618
0.000434539
0.000417323
0.000409675
0.000430042
0.000429703
0.000414122
0.000370333
0.000270498
0.000383801
0.000325145
0.000320721
0.000351554
0.000277198
0.000258559
0.00021596
0.000366648
0.000258568
0.000216016
0.000277236
0.000387829
0.000320964
0.000326137
0.00037317
0.000273822
0.000295022
0.000279935
0.0002669
0.000354523
0.000266907
0.000279939
0.000218451
0.000350911
0.000258534
0.000350953
0.00037034
0.000271241
0.000270498
0.00027124
0.000383817
0.000325147
0.00032073
0.000351569
0.000277209
0.000216834
0.000258566
0.000216016
0.00021596
0.000366624
0.000258561
0.000277225
0.000216016
0.000216832
0.000387817
0.000320954
0.000326134
0.000373164
0.000295019
0.000317998
0.000379174
0.000317136
0.000275072
0.000354545
0.000267769
0.000217525
0.00028015
0.000350953
0.000271241
0.000216016
0.000215959
0.000216832
0.00020773
0.00016497
0.000242959
0.000216016
0.000134323
0.000223929
0.000211519
0.0001654
0.000136803
0.000210665
0.000216427
0.000229206
0.000210663
0.000182266
0.000215992
0.000207727
0.000218543
0.000211381
0.00016497
0.000242962
0.000216016
0.000134323
0.000134323
0.000234495
0.000223929
0.000211519
0.0001654
0.000218561
0.000136803
0.00020443
0.000215992
0.000207729
0.000216016
0.000134323
0.000211517
0.000120784
0.00011059
0.00011059
0.000120871
0.00011059
0.000120784
0.00011059
0.00011059
0.00011059
7.64109e-05
1.27445e-05
9.8992e-05
7.71827e-05
3.18621e-05
0.000127809
0.000124832
0.000124511
0.000124496
0.00012483
0.000124501
4.52278e-05
0.000127807
4.86669e-05
0.000128426
4.65892e-05
0.000127992
0.000124958
0.000124667
0.000124863
0.000128051
0.000127962
4.65921e-05
4.86309e-05
0.000110584
0.000109568
0.00011059
0.00011059
0.00011059
0.00011059
0.00011059
0.00011059
0.00011059
0.00011059
0.00011059
0.00011059
0.00011059
0.00011059
0.000110584
0.000109567
0.000109568
0.000109568
0.00011059
0.00011059
0.00011059
0.00011059
0.00011059
0.00011059
0.00011059
0.00011059
0.00011059
0.000110584
0.000109568
1.44381e-05
7.81082e-05
1.44214e-05
7.60482e-05
0.00011059
0.00011059
0.00011059
0.00011059
0.000128927
0.00011059
0.00011059
0.00011059
0.000137335
0.000110589
0.000110232
0.00011059
0.00011059
0.00011059
0.00011059
0.000110578
0.000110589
0.000110522
0.000112815
0.00011059
0.00011059
0.000110588
0.00011059
0.00011059
0.00011059
0.00011059
0.000110578
1.44395e-05
7.80974e-05
7.81097e-05
7.80973e-05
1.44395e-05
1.4438e-05
1.44381e-05
6.14279e-05
7.81141e-05
7.81024e-05
1.42138e-05
1.44381e-05
0.00011059
0.00011059
0.00011059
0.00011059
0.00011059
0.00011059
0.00011059
0.00011059
0.00011059
0.000110588
0.000110232
0.00011059
0.00011059
0.00011059
0.00011059
0.000110578
0.000110589
0.000110578
0.000110584
0.00011059
0.000110588
0.00011059
0.00011038
0.000110575
0.00011059
0.00011059
0.00011059
0.000128932
0.00011059
0.00011059
0.00011059
0.00011059
0.00011059
0.00011059
0.00011059
0.00011059
0.00011059
0.00011059
0.000128927
0.00011059
0.00011059
0.000112787
0.00011059
0.00011059
0.00011059
0.00011059
0.00011059
0.00011059
0.00011059
0.00011059
0.00011059
0.00011059
0.00011059
0.00011059
0.00011059
0.00011059
0.00011059
0.00011059
0.000110584
0.000110588
0.000110574
0.000110588
0.00011059
0.000110588
0.000110589
0.000110232
0.000137333
0.000110232
0.00011059
0.00011059
0.00011059
0.000110578
0.000110578
0.000110584
0.000110588
0.00011059
0.00011038
0.000110575
0.000110584
0.000110588
0.00011038
0.000110575
0.000110589
0.000129364
0.00011059
0.00011059
0.000112802
0.00011059
0.00011059
0.00011059
0.00011059
0.00011059
0.00011059
0.00011059
0.00011059
0.00011059
0.00011059
0.00011059
0.00011059
0.000112787
0.00011059
0.00011059
0.00011059
0.00011059
0.000129511
0.00011059
0.00011059
0.00011059
0.00011059
0.00011059
0.00011059
0.00011059
0.00011059
0.00011059
0.00011059
0.00011059
0.00011059
0.00011059
0.00011059
0.00011059
0.000110589
0.000110232
0.000110584
0.00011059
0.000110588
0.00011038
0.000110575
0.000110589
0.000110537
0.000110581
0.00010664
0.000108487
0.00011059
0.00011059
0.00011059
0.00011059
0.00011059
0.00011059
0.00011059
0.00011059
0.00011059
0.00011059
0.00011059
0.00011059
0.00011059
0.00011059
0.000110537
0.000110581
0.00010664
0.000108486
0.00010664
0.000108487
0.00010664
0.000108487
0.00011059
0.00011059
0.00011059
0.00011059
0.00011059
0.00011059
0.00011059
0.00011059
0.00011059
0.00011059
0.00011059
0.00011059
0.00011059
0.00011059
0.00011059
0.000110537
0.000110581
0.00010664
0.000108487
3.62357e-05
4.79166e-05
3.62357e-05
3.53557e-05
3.55702e-05
3.53747e-05
0.000110569
0.000118427
0.000109892
0.00011059
0.000110569
0.00011059
0.00011059
0.00011059
0.00011059
0.00011059
0.00011059
0.00011059
0.00011059
3.53555e-05
3.53557e-05
4.79211e-05
3.62329e-05
4.79193e-05
4.79241e-05
3.62329e-05
3.53555e-05
3.53543e-05
3.53555e-05
3.62018e-05
3.62329e-05
4.76953e-05
4.7923e-05
3.54483e-05
3.62329e-05
4.79202e-05
3.53556e-05
0.000108554
0.00011059
0.00011059
0.00011059
0.00011059
0.00011059
0.00011059
0.00011059
0.00011059
0.00011059
0.00011059
0.00011059
0.00011059
0.000118427
0.00011059
0.00011059
0.00011059
0.00011059
0.00011059
0.00011059
0.000108554
0.000109888
0.000108554
0.000109888
0.00011059
0.000110569
0.000108554
0.000109888
0.00011059
0.00011059
0.00011059
0.00011059
0.000118427
0.00011059
0.00011059
0.000118474
0.00011059
0.00011059
0.00011059
0.00011059
0.00011059
0.00011059
0.00011059
0.00011059
0.000110569
0.000109888
0.00011059
0.000110569
0.000103965
1.61572e-05
0.000115515
0.000126627
0.000141035
0.00014105
0.000126634
0.000104932
0.000103965
4.39385e-05
0.000115496
1.61543e-05
0.000197162
6.3816e-05
8.21344e-05
0.0001346
0.000134592
0.000143381
9.93663e-05
0.000178874
8.21332e-05
6.38158e-05
4.39387e-05
0.00021018
0.000183211
0.000208801
0.000208075
0.000208249
0.000180399
0.000182349
0.000178307
0.000178208
0.000178192
0.000206563
0.000206552
0.000208246
0.000180389
0.000182345
0.000181473
0.000210181
0.000183212
0.000209574
0.000182695
0.000182034
0.000180452
0.000178263
0.00020733
0.000206227
0.000180462
0.000207338
0.000182695
0.000209341
0.00011059
0.00011059
0.00011059
0.00011059
7.69709e-05
7.12839e-05
4.39385e-05
4.39391e-05
6.38205e-05
8.21376e-05
1.61574e-05
0.000115516
0.000104938
0.000178875
0.000103965
0.000155941
0.000178874
0.000197162
0.000104932
0.000186201
6.38154e-05
8.21322e-05
0.000134587
0.000134594
0.000126626
0.000141047
0.000134594
0.000134587
8.21389e-05
6.38208e-05
0.000141033
0.00012662
8.2131e-05
6.38151e-05
0.000104938
1.61574e-05
0.000115516
0.000178875
0.000197162
0.000178874
1.61572e-05
0.000115515
4.39385e-05
0.000155941
0.000103965
4.39391e-05
4.39377e-05
0.000103957
0.000155923
0.000103964
0.000155941
0.000178843
0.00018526
0.00010484
0.000115515
1.61572e-05
0.000104932
6.3725e-05
8.19283e-05
0.000125868
0.000138486
0.000126633
0.000141054
0.000126343
0.000107611
8.85573e-05
7.84934e-05
0.000141039
0.000126626
6.26969e-05
5.94542e-05
0.000153017
0.000114113
1.60906e-05
0.000103791
0.000155941
0.000103965
0.000186201
0.000104932
0.000115515
1.61572e-05
4.39541e-05
0.000209578
0.000182698
0.000207364
0.000181474
0.000209839
0.000180357
0.000182378
0.000207358
0.000178306
0.000178196
0.000182031
0.000209578
0.000182699
0.000208802
0.000209574
0.000209842
0.000180372
0.000182386
0.000207604
0.000181996
0.000178373
0.000178279
0.00020929
0.000182066
0.000193435
0.000137487
0.000189298
0.000198993
0.000166112
0.000202043
0.000164161
0.000198788
0.000169421
0.000148656
0.000190969
0.000183977
0.000134074
0.000183978
0.000134073
0.000148473
0.000190844
0.000201692
0.00016353
0.000198483
0.000168483
0.000198721
0.000165432
0.000188266
0.000176361
0.000172736
0.000141041
0.000139773
0.000182642
0.000129364
0.000141061
0.000143377
0.00018138
0.00017272
0.000143339
0.000152416
0.000143337
0.000181021
0.000181012
0.000152418
0.000181013
0.000172721
0.000176355
0.000139771
0.00014104
0.000180117
0.00014104
0.0001893
0.000193366
0.000189142
0.000198994
0.000137487
0.000166112
0.000202045
0.000164162
0.000198791
0.000169422
0.000201691
0.00016353
0.000198482
0.000168483
0.000133191
0.000148657
0.000190972
0.000183978
0.000183977
0.000134072
0.000183978
0.000134073
0.000148472
0.000190841
0.000183978
0.000134073
0.00020169
0.000163529
0.000198481
0.000168483
0.00019872
0.000137333
0.000189138
0.000165432
0.00020169
0.000163529
0.000198481
0.000168483
0.000193537
0.000193535
0.000188266
0.000142227
0.000182642
0.000141061
0.000141982
0.000143377
0.00018138
0.000152418
0.00015267
0.000172721
0.000180118
0.00014104
0.000137484
0.000189293
0.000202044
0.000164162
0.000198791
0.000169422
0.000183978
0.000134075
0.000183977
0.000134072
0.000133176
0.00020169
0.000163529
0.00019848
0.000168483
0.00011059
0.000106676
0.00011059
0.00011059
0.00011059
0.00011059
0.00011059
0.00011059
0.00011059
0.000106676
0.000106573
0.00011059
0.00011059
0.00011059
0.00011059
0.00011059
0.00011059
0.00011059
0.00011059
0.00011059
2.67615e-05
3.30986e-05
5.41655e-05
0.000110578
0.000109735
0.000107266
0.00011059
0.00011059
0.00011059
0.00011059
0.00011059
0.000110578
0.000109735
0.000107263
0.000107266
0.000107266
0.00011059
0.00011059
0.00011059
0.00011059
0.00011059
0.00011059
0.00011059
0.000110578
0.000109735
0.000107266
0.00011059
0.000109107
0.000110502
0.000110589
0.000110584
0.00011059
0.00011059
0.00011059
0.00011059
0.00011059
0.000110567
0.00011059
0.000110589
0.000110584
0.00011059
0.00011059
0.00011059
0.000110567
0.00011059
0.000109107
0.000110502
0.000110589
0.000110584
0.000110128
0.00011059
0.00011059
0.00011059
0.00011059
0.00011059
0.00011059
0.000110588
0.000110588
0.00011059
0.000110589
0.00011059
0.00011059
0.00011059
0.00011059
0.000110588
0.000110589
0.00011059
0.00011059
0.00011059
0.00011059
0.00011059
0.00011059
0.000110589
0.000110578
0.000110589
0.000110584
0.00011059
0.00011059
0.000110567
0.00011059
0.000109107
0.000110502
0.000109107
0.000110502
0.000110589
0.000110584
0.000110128
0.00011059
0.00011059
0.00011059
0.00011059
0.00011059
0.00011059
0.00011059
0.000110588
0.00011059
0.000110589
0.00011059
0.00011059
0.00011059
0.00011059
0.000110588
0.000110589
0.000110588
0.00011059
0.000110589
0.00011059
0.00011059
0.00011059
0.000110588
0.000110589
0.00011059
0.00011059
0.000110589
0.000109107
0.000110502
0.000110128
0.00011059
0.00011059
0.00011059
0.00011059
0.00011059
0.00011059
0.00011059
0.00011059
0.00011059
0.00011059
0.00012001
0.000187489
0.000153443
0.000177755
0.000214705
8.37029e-05
0.000120002
0.000152914
9.91849e-05
8.37126e-05
0.000211093
0.000185534
0.000184773
0.000211244
0.000185018
0.000210775
0.000209861
0.000211092
0.000185532
0.000184771
0.000211242
0.000185023
0.000210779
0.000209863
0.000216834
0.000215961
0.000204904
0.00021845
0.00021596
0.000204904
0.000211517
0.00011059
0.00011059
0.00011059
5.4134e-05
8.37023e-05
8.37029e-05
0.000120008
0.000156122
0.000153448
0.000177755
0.000177763
0.000177764
0.000214707
0.00015345
0.000208746
0.000153441
0.000120008
0.00012001
8.37023e-05
0.000156122
8.37028e-05
0.000156121
0.000192402
8.37023e-05
0.000187487
0.000120008
0.000168879
0.000208745
0.000153446
0.000214707
0.000177766
8.64694e-05
0.000177758
0.000153444
0.000186556
0.000119843
0.000191984
0.000156143
0.000120009
8.3703e-05
0.000218431
0.00021109
0.000185528
0.000184768
0.00021124
0.000185018
0.000210775
0.000209861
0.00021844
0.000220473
0.000220484
0.000218431
0.00021844
0.000211092
0.00018553
0.000184769
0.000211241
0.000211093
0.000185534
0.000184772
0.000211244
0.00021109
0.000185528
0.000184768
0.00021124
0.000185018
0.000210775
0.000209861
0.00021844
0.000220583
0.00021844
0.000211045
0.000185536
0.000184775
0.000211244
0.00021109
0.000185528
0.000184768
0.00021124
0.00021844
0.00021138
0.000194551
0.000166881
0.000196095
0.000204903
0.000216832
0.000198412
0.000166968
0.000197112
0.000215992
0.000194551
0.000166881
0.000196095
0.000211354
0.000215961
0.000204904
0.000216832
0.000204904
0.000216832
0.00021596
0.000204904
0.000198412
0.000166968
0.000197112
0.000218451
0.000211373
0.000216834
0.000215961
0.000204904
0.000204903
0.00011059
0.00011059
0.00011059
0.00011059
0.00011059
0.00011059
0.00011059
0.00011059
0.00011059
0.00011059
9.26503e-06
0.00011059
0.000110582
0.000110578
0.00011059
0.00011059
0.00011059
0.000110589
0.00011059
0.00011059
0.000110582
0.00011059
0.00011059
0.00011059
0.00011059
0.00011059
0.000110589
0.00011059
0.00011059
0.000110582
0.000110582
0.000110578
0.000109782
0.000110589
0.00011059
0.00011059
0.00011059
0.00011059
0.00011059
0.000110589
0.000110582
0.000110578
0.000109782
0.00011059
0.00011059
0.00011059
9.30049e-05
0.000106692
0.000106014
9.17553e-05
0.000105687
0.00011059
0.00011059
9.39868e-05
0.000105611
0.00011059
0.00011059
9.39868e-05
0.000105611
0.00011059
9.3987e-05
0.000105611
3.0644e-05
3.38151e-05
0.00015612
0.000179403
0.00021278
0.00015612
3.0644e-05
3.38151e-05
0.000179402
9.51214e-05
0.000129624
0.000129626
9.51228e-05
9.51214e-05
0.000129624
0.000135577
9.51187e-05
0.000129622
0.000135585
0.000179402
0.000129624
9.51215e-05
0.000135579
0.000179402
0.00021278
0.000179403
0.000129622
9.51187e-05
0.000135585
9.51187e-05
0.000129622
0.000135584
0.00021278
0.000179402
0.00015612
0.000192402
0.000135578
0.000179413
0.000179404
0.000192403
0.000156121
0.000129629
9.51209e-05
0.000135587
0.000135577
0.000186072
0.000185173
0.000210706
0.00018607
0.000185171
0.000210704
0.00011059
0.00011059
0.00011059
0.00011059
0.00011059
0.00011059
0.000186064
0.000185165
0.000210701
0.000191769
0.000214405
0.000186065
0.000185167
0.000210702
0.000191769
3.06455e-05
3.38173e-05
0.000102559
0.000148147
0.000102556
0.00014815
3.06456e-05
3.38173e-05
0.000102559
0.000148148
3.0644e-05
3.38151e-05
0.000102556
0.00014815
0.000102556
0.000148149
3.06455e-05
3.38173e-05
0.000102559
0.000148147
3.06447e-05
3.38152e-05
0.000102556
0.000148151
3.06461e-05
3.38174e-05
0.000102559
0.000148147
0.000191765
0.000191766
0.000214404
0.000186072
0.000191769
0.000214405
0.000191765
0.000186064
0.000186073
0.00019177
0.000214405
0.000191765
0.000186063
)
;
    }
}


// ************************************************************************* //
